100
1 2
11
01
4 10
1000010011 1100111111 0111001101 1110010100
1001110010 0000101011 0110101100 0010000000
10 10
0010001011 1001010101 1000010000 0110101000 1111100100 1110111011 0001100010 0111010111 1000001111 0101111100
1110011110 1111100001 1101001010 0110001101 0000100110 0000111001 1010111101 0001100011 1001010100 0111010010
8 7
0101001 0110101 1010110 1001010 1110100 1101000 1001011 1010111
1110111 0010101 0001001 0101010 0001000 1101011 0010100 0110110
1 5
11001
11011
6 7
0111100 0111111 1000010 1011110 0100011 0100000
0000001 1100011 0011101 1111111 0011110 0000010
10 10
1101011111 1000100100 1001000111 1111111000 0110010101 0101000010 0010101110 0111011001 1000100010 0010111001
0010000110 0111111011 1100110001 1000011101 0010000000 0101011100 1101111101 1000001010 0011100011 1111100110
5 5
01001 01111 01110 11101 01101
01000 10011 00001 11111 10101
5 7
0100011 1101111 1010011 0101011 1100100
0010100 0000010 0011101 0001000 0011100
6 6
111110 001000 110111 001001 111111 110110
001101 000100 000101 110010 001100 110011
10 10
1011001000 1010100111 1101101000 1110110100 0101110010 0110111110 0110010101 0001011011 0001001011 1000000101
1111010101 0010001000 0011100111 0001000101 0111110100 1111111110 1000001011 0100101000 1100110010 1000011011
8 6
100011 111001 100001 110001 111011 110011 010111 010101
101100 001000 000010 101110 011010 011000 001010 000000
5 6
100000 010111 001101 101000 000100
001010 100111 101111 000011 010000
4 9
110000001 010100110 110100110 010000001
011110000 011010111 111010111 111110000
10 10
1001000100 0010000101 1110111011 0000010100 0101011010 0010001010 1001101100 1100110111 1111101011 0111110001
0101011001 1001111010 0111001000 0111000111 1011110110 1100001001 1010100110 0000010111 0010111100 1100100001
4 8
00000010 01000100 00111010 01111100
00101011 01010101 00010011 01101101
1 6
101111
010100
10 10
0100101001 1100110000 1101000001 0111010011 0011001100 1011111111 0000110110 0010011101 1100000110 1011101010
1101111110 0101011000 0010000010 1010011011 1001100001 0101001101 1110000100 0011110011 1100101111 0010110100
2 9
000101011 000111111
001001001 001011101
6 9
100001100 000011110 101011110 101011111 000011111 100001101
001011000 000001011 001011001 101001011 000001010 101001010
4 10
1111100010 1110100010 0000111101 0001111101
0001011101 1111000010 0000011101 1110000010
10 10
1110010100 0000110000 0010001101 1010101001 0101011011 1011001011 1101110000 1000111110 0111100111 0101000110
0001011011 1111010110 1111001011 0111100000 0000111001 0100000100 1010100000 1000011101 1101110111 0010101110
8 10
0001110010 1010000000 0101100010 1110000000 1010010000 0001100010 0001101110 1010001100
1010001100 0101101110 1110000000 0001101110 1110011100 0101100010 1110001100 0101111110
8 10
1010110010 0101111101 0101101100 1010110001 1010100011 1010100000 0101101111 0101111110
0101111100 0101111111 1010110011 0101101101 1010100001 0101101110 1010110000 1010100010
3 5
01011 01100 10101
00001 11111 00110
10 10
0101000000 1011001101 1010110011 0010101110 0101000100 1011001011 1000111100 1101110001 0110010010 0100111111
0011100110 0000010001 1110011110 1001110100 1111100101 0110101011 1110011010 0000010111 1101001000 0001101001
10 10
0110001110 1100101101 0111110100 0111010001 1001110111 1010011010 0000110010 1101001011 0001100001 1010001100
0111000000 0111100101 1001100110 1010001011 1100111100 0110011111 1101011010 1010011101 0000100011 0001110000
10 10
1110110001 0000001000 0111010110 0001111011 0101101101 1001101110 1010001001 1100000111 1110110100 0011010010
0000110010 0110011111 1011000000 1101001110 0010011011 1111111101 0001000001 0100100100 1111111000 1000100111
10 10
0011101011 0000001010 1101011001 1101010110 1000110100 0111000100 1110100011 0001101001 0010011100 1110110111
1100000001 1010010110 0111011110 1010000010 0101011100 1001101100 0011110001 0100111111 0110101001 1001100011
5 7
0110010 1001101 1000101 1101001 1110111
0110000 1000111 1101011 1001111 1110101
1 6
111100
011011
10 10
1000110001 1011110110 0001000100 1110001111 0100001001 0001010000 0111111011 0110100110 1101111000 1010001111
0110011101 0000010011 0101011010 1011001101 1001100010 1100111011 1100101111 0011100100 0111100100 1010010000
1 6
110011
111100
2 9
010100010 101101101
010010010 101011101
3 4
1011 0001 0011
0111 1110 0000
5 9
100100010 011010111 001101100 111100010 111010000
101000101 101110111 011111001 110110111 001000010
10 10
0100100101 0111111010 0011010010 1010000101 0101111111 1000110111 1111000000 1100111110 0010001000 1001001001
0100101100 1111101101 0101010010 1000011010 0010100101 1001000000 1010011111 0001011011 0111100000 1110110111
4 8
01110010 00001100 00101010 10000011
10011100 11010000 00000000 00011101
10 10
1110111001 1001010010 1010000111 1001101110 1011000110 0110110100 0000000000 0100111011 0101011001 0111101101
0100101010 1001011000 1011010111 0001010101 0110000010 1010110101 0110111110 1000000001 1111101100 0101101011
4 10
1000011011 0010101000 0000011001 0010010001
0010001101 0001110011 1100100010 1110000001
2 4
1010 0010
1001 0001
1 7
1101110
1010110
10 10
1100010001 0000111100 0110111001 0110100011 1100101110 1111010101 0001011010 1001100110 1011001101 0011000010
0001001110 0111111101 1011101010 1110010001 1001110010 0100000110 0011100101 1000010100 1110001011 0100111001
4 7
0011000 0110011 0001000 0100011
0011000 0001000 0100011 0110011
1 6
001011
111101
3 3
010 101 011
001 111 110
5 10
1110111001 0001100110 1011111110 1110110010 1101011001
1001011001 1111111110 1010111001 0101100110 1010110010
5 10
0111101000 0011011111 1011101010 0111110110 1100111010
1100110010 0110101110 0111110100 1010001110 1101101010
5 9
000110010 000111001 100000000 001010001 101111010
001011101 110010110 000100001 010111010 011001010
1 10
0111110000
0111110111
9 6
110011 000001 111010 001101 111001 110010 111110 000110 000111
101000 010011 011011 101110 100100 010000 010111 011010 101111
1 6
011001
101110
4 8
11000000 10101010 00000101 11000101
10010010 00111101 01010111 01010010
5 6
111111 000010 001110 111110 101000
010101 111111 110011 000011 000010
10 10
0001100100 1011010110 0111110010 0010110001 1001001010 0100001111 0100001001 1111111001 1000001100 1110110111
1111110101 0111011011 0110011101 0101000111 0001101000 0000100110 1010011110 1100100000 1001100011 1010011000
10 10
0000010011 1000001011 0111111101 0000011000 1111101111 0111110111 0111101100 0111111100 0000011001 0000001000
0111110110 0000011000 1000001010 0000011001 0111111101 0111111100 0000001001 0111101101 1111101110 0000010010
10 9
111011000 010110110 110100101 111100100 111001000 010100110 101111001 101101001 110110101 111110100
000100011 100110000 011101111 001011110 001100010 100100000 001001110 011111111 000110011 001110010
2 6
010110 111011
111001 010100
10 10
1010100001 0011001001 0101110010 1011101011 0010110100 1100111111 0000000011 1111011100 0101010100 1100001110
0010000011 0001010001 1000101101 0111111110 1111101011 1000001011 0110110100 1101011100 1110010110 0001100000
7 4
0100 1101 0101 0111 0010 0011 0110
1011 1100 1101 0011 1000 1010 1001
3 4
1111 0101 0011
0000 1100 1011
10 10
0100100000 0011000110 1001101111 1101010001 0110111100 1011111001 0110111011 1100010111 0001001010 1010000100
1100100011 1001011011 0110001000 0110001111 0011110010 0001111110 1010110000 1101100101 1011001101 0100010100
8 9
111110111 001001101 110110111 010011001 101010110 000001101 011011001 100010110
000110100 011100000 001110100 100011010 010100000 111111011 110111011 101011010
2 9
110001010 000110001
001110001 111001010
7 6
011101 000101 010001 101011 001011 110110 110100
111000 001110 110100 101110 010001 100000 010011
5 6
101101 111110 111100 010111 101000
011101 001001 100010 011000 001011
1 9
100100101
011011001
2 10
0101111011 1100011111
1001111111 0000011011
10 10
0111001000 0101101010 0100100101 0000111100 1001010010 1110000001 1010011111 0011110111 1011101101 1100010010
1100100111 0111110110 1011010011 1000111110 0010011010 0000001001 1111101100 1001110001 0101001001 0110000100
1 8
00110010
01000101
10 10
1010100100 0101000111 1100011101 1001011001 0010100011 1101001110 1111111010 0110110000 0011011110 0000100001
0111011010 1110000000 0000111110 0001000011 0010111100 1000111001 1011000100 1101100111 0100101101 1111010011
8 10
1100000001 0011110110 0010100011 0010110110 1100010100 1101010100 1100010001 0010110011
0010101010 0010111010 1100011000 0011101111 1100001000 1100001101 0010101111 1101001101
9 9
011000000 101101111 011001111 101001010 001101100 001110100 001111100 100100011 111001010
000001110 010111010 010100010 110000100 000000001 100000100 010110010 110100001 111101101
7 5
00110 01111 11011 10011 00000 00101 01010
01011 00100 00110 11110 01101 11101 01111
10 10
1110010111 1010100110 0011001101 0001010110 0001111011 1010000110 1100101001 0101101000 1100110000 0111011001
0111001000 1100110111 1110000110 1000001001 0011111001 1010010010 0101110110 1000100100 0101101111 0011011001
2 4
1010 0110
1001 0010
5 8
01010101 10111001 10110101 00001010 11010001
00110110 01110110 00010010 10010110 01101001
8 8
10111001 10101110 01011001 01100000 00100011 10101101 01101101 11001001
11111010 00001101 11101101 01110111 11111001 10011101 00111001 00110100
10 10
1010110110 0001010001 1011101010 0111100100 0100011010 0010100101 1001001011 0110100111 1100011000 1101011101
1000101000 0000101010 0001101111 0111011000 1110010111 1101100011 1011010110 1010010101 0101111001 0110000100
8 8
10110101 00111100 11001011 01110100 00010011 01110001 10010011 00000011
11011111 11100001 01101011 00011110 10010000 10110010 10010100 11001111
1 3
011
110
10 10
0100000010 1011011011 1110000011 0001101011 1110110100 0110110101 0000101101 1101010110 0001111000 1011001100
0001100101 0110111011 0110101000 1001100100 0011010010 0111111101 1100011100 1001010011 1010000110 1100001011
10 10
0111000011 1110100100 1101011011 0001101100 1110011101 1000101010 0000110000 1111101100 0001010011 0010010111
1110001101 1111101110 0000110010 1101001001 1110110010 1000011101 0001000011 0111110100 0010000101 0001111010
9 7
1000110 1010001 0000001 0111110 0111111 0110100 1101100 0001011 0000110
0001111 1101000 0000101 1000010 0111011 0111010 0000010 1010101 0110000
2 4
0010 0111
1000 1101
6 5
01000 10111 11000 11110 00001 10001
01100 00101 01010 10101 00011 11100
2 4
0010 1110
0010 1110
10 10
0001111111 1100101100 0000101101 0011001101 1111010011 0111010000 1001101110 1000010010 0110010010 1110100001
1111000000 0001101100 1001101111 0000011110 0010010011 1000101101 0111010001 1110010010 0110101101 1101110010
1 10
1110011100
0110001100
5 8
11010001 10001001 00011010 00010100 11001011
10111111 11101010 00100001 00101110 11100100
8 9
011010010 101111100 010011010 010000011 100100101 101110100 100111100 011011010
010000011 101111100 011011010 100100101 010011010 011010010 100111100 101110100
6 4
0111 0100 0011 1111 1100 1011
0000 0011 1000 0111 1011 1111
5 6
101100 001111 011110 011101 001110
011100 001001 100010 101000 011011
10 10
0111011111 1001000110 0111100000 1101110100 1100101110 1010011000 0011001111 1100100011 0000111001 0010010001
0100010101 0101000010 1111010110 1111101001 0100011000 1000001111 1010100111 0001110000 0010101110 1011111001
3 9
100111111 101000100 001001001
110110110 011110000 110010101
3 8
00101111 10101010 00000100
00100000 10001110 00001011
10 10
0110001111 1011011001 1110011110 1001100010 1100110000 0101101101 0011010101 0111100001 0000000010 1000111110
1110001111 0111110000 0110011110 0101111100 0011000100 1011001000 0000010011 1100100001 1000101111 1001110011
1 5
00000
01101
6 10
1110110101 1101001010 1100001010 0011110101 0001001010 1111110101
0111110101 0100001010 1001001010 0110110101 0101001010 1011110101
9 10
1000010011 0000001011 0111111011 0110000110 1011011011 0101011010 0000001000 0101101001 1011101011
1111000100 1100001100 0000101100 0001010001 0111011100 0010111110 0111011111 0010001101 1100111100
